     0/299    0.558G   0.06274    0.0139         0   0.07664        31       640    0.5884    0.5291    0.5114    0.1948   0.08335   0.02186         0
     1/299     2.47G   0.05469   0.01191         0   0.06659        31       640    0.7064    0.5814    0.6279    0.2866   0.08536   0.02068         0
     2/299     3.82G    0.0504   0.01284         0   0.06324        27       640    0.5964    0.4986     0.488    0.2158    0.0892   0.02256         0
     3/299     3.82G   0.05251   0.01327         0   0.06578        21       640      0.62    0.5321    0.5316    0.2087   0.07894   0.02458         0
     4/299     3.82G   0.04696   0.01274         0   0.05969        25       640    0.2722    0.1704    0.1053    0.0346     0.103   0.03212         0
     5/299     3.82G   0.05175   0.01297         0   0.06472        26       640    0.5785     0.426    0.4374    0.1796   0.09335   0.02285         0
     6/299     3.82G   0.04428   0.01283         0   0.05711        27       640    0.7142    0.6369    0.6531    0.3124   0.07466   0.02595         0
     7/299     3.82G   0.04293   0.01323         0   0.05616        32       640    0.6252     0.588    0.5838    0.2654   0.07884   0.02655         0
     8/299     3.82G   0.04465   0.01326         0    0.0579        31       640    0.7271    0.6187    0.6464    0.3128   0.07386   0.02773         0
     9/299     3.82G   0.04356   0.01304         0    0.0566        32       640     0.763    0.6494    0.6971    0.3404   0.07239   0.02486         0
    10/299     3.82G   0.03867   0.01309         0   0.05176        24       640    0.7531    0.7165    0.7407    0.3786   0.07394    0.0232         0
    11/299     3.82G   0.03988   0.01248         0   0.05236        24       640    0.7089    0.7249    0.7228    0.3724    0.0707   0.02538         0
    12/299     3.82G   0.03809   0.01278         0   0.05087        34       640    0.6976    0.6425    0.6657    0.3292   0.07148   0.02748         0
    13/299     3.82G   0.03726   0.01273         0   0.04999        23       640    0.7361    0.7248    0.7527    0.3918   0.07254   0.02274         0
    14/299     3.82G    0.0404   0.01272         0   0.05311        35       640    0.7527    0.7542    0.7705    0.3927   0.07206   0.02326         0
    15/299     3.82G   0.03687   0.01257         0   0.04944        31       640    0.6929    0.7067    0.7004    0.3695   0.06725   0.02467         0
    16/299     3.82G   0.03903   0.01256         0   0.05159        31       640    0.7369    0.7793    0.7724    0.4105   0.07755   0.02225         0
    17/299     3.82G   0.03845   0.01247         0   0.05092        28       640    0.8088    0.7514    0.7871    0.4267    0.0645   0.02699         0
    18/299     3.82G   0.03657   0.01218         0   0.04876        42       640    0.8473    0.7151    0.8069    0.4336   0.07537   0.02237         0
    19/299     3.82G   0.03926   0.01254         0    0.0518        40       640      0.79    0.7513     0.795    0.4312   0.06321    0.0253         0
    20/299     3.82G   0.03524   0.01253         0   0.04777        51       640    0.8036    0.7542    0.8004    0.4401     0.064   0.02524         0
    21/299     3.82G   0.03702   0.01231         0   0.04933        35       640    0.8031    0.7765     0.805    0.4408    0.0623   0.02548         0
    22/299     3.82G   0.03725   0.01219         0   0.04945        23       640     0.805    0.7495    0.8117     0.446   0.05904   0.02643         0
    23/299     3.82G   0.03674   0.01252         0   0.04926        22       640    0.7356    0.7499    0.7651    0.3929   0.06185   0.02707         0
    24/299     3.82G   0.03959   0.01306         0   0.05265        36       640    0.7794    0.7528    0.7769    0.4292   0.05927   0.02762         0
    25/299     3.82G   0.03845   0.01273         0   0.05118        34       640    0.7727    0.7595    0.7868    0.4218   0.07397   0.02372         0
    26/299     3.82G   0.03735   0.01256         0   0.04991        21       640     0.797    0.7765    0.8029    0.4468   0.07192   0.02262         0
    27/299     3.82G   0.03658   0.01239         0   0.04897        30       640    0.8156    0.7975    0.8235    0.4621   0.07166   0.02239         0
    28/299     3.82G   0.03886   0.01249         0   0.05135        26       640    0.8195    0.7654    0.8088    0.4493   0.06562   0.02406         0
    29/299     3.82G   0.03874   0.01225         0   0.05099        29       640    0.8212    0.7835    0.8191    0.4453   0.07051   0.02286         0
    30/299     3.82G   0.03906   0.01247         0   0.05153        29       640    0.8039    0.7441    0.7985    0.4478   0.07188   0.02269         0
    31/299     3.82G   0.03878   0.01236         0   0.05114        28       640    0.8096    0.7959    0.8244    0.4534   0.06327   0.02597         0
    32/299     3.82G   0.03766   0.01234         0   0.04999        27       640    0.8441     0.743    0.8299    0.4557   0.06248   0.02579         0
    33/299     3.82G   0.03777    0.0126         0   0.05037        32       640    0.7983    0.7877    0.8272    0.4713   0.06143   0.02577         0
    34/299     3.82G   0.03631   0.01231         0   0.04862        37       640    0.8377    0.7807    0.8343    0.4758   0.05792   0.02666         0
    35/299     3.82G   0.03981   0.01261         0   0.05242        23       640    0.8203    0.7919    0.8327    0.4653   0.05549   0.02614         0
    36/299     3.82G   0.03706   0.01245         0   0.04952        45       640    0.8196    0.7877    0.8359    0.4702   0.06427    0.0245         0
    37/299     3.82G   0.03977   0.01236         0   0.05213        32       640    0.7714    0.7961    0.8103    0.4272   0.06491   0.02518         0
    38/299     3.82G   0.03727   0.01239         0   0.04966        33       640    0.7832    0.8223    0.8325    0.4778   0.05899   0.02577         0
    39/299     3.82G   0.03752    0.0122         0   0.04971        24       640    0.8434    0.7556    0.8366    0.4781   0.06098   0.02572         0
    40/299     3.82G   0.03694   0.01225         0   0.04919        38       640    0.8737    0.7556    0.8331    0.4767   0.05669   0.02626         0
    41/299     3.82G     0.036    0.0124         0   0.04841        31       640    0.8849    0.7625    0.8529    0.4924   0.05758    0.0262         0
    42/299     3.82G   0.03591   0.01226         0   0.04817        26       640    0.8166    0.8184    0.8513    0.5022   0.05777   0.02569         0
    43/299     3.82G   0.03802   0.01224         0   0.05026        19       640    0.8528    0.8115    0.8565    0.4984    0.0607   0.02393         0
    44/299     3.82G   0.03744   0.01235         0   0.04979        32       640    0.7953    0.8101    0.8334    0.4794   0.06157   0.02354         0
    45/299     3.82G   0.03749    0.0121         0   0.04959        17       640     0.844    0.7947    0.8548    0.4924   0.06257   0.02382         0
    46/299     3.82G   0.03687   0.01233         0   0.04921        20       640    0.8024    0.8226    0.8518    0.4948   0.05911   0.02515         0
    47/299     3.82G   0.03768   0.01213         0   0.04981        31       640    0.8129     0.838     0.854    0.4919   0.05863   0.02489         0
    48/299     3.82G   0.03579     0.012         0   0.04779        41       640    0.8081    0.8295    0.8488    0.5056   0.05767   0.02472         0
    49/299     3.82G   0.03766   0.01241         0   0.05006        28       640    0.8421    0.8128    0.8495    0.4996   0.04922   0.02724         0
    50/299     3.82G   0.03646   0.01243         0   0.04889        38       640    0.8325    0.7863    0.8334    0.4872   0.05051   0.02851         0
    51/299     3.82G   0.03647   0.01227         0   0.04874        35       640    0.8165    0.7905    0.8363    0.4833   0.04794   0.02862         0
    52/299     3.82G   0.03667   0.01235         0   0.04902        32       640    0.8467    0.7944    0.8451    0.4964   0.04884   0.02778         0
    53/299     3.82G   0.03674   0.01227         0   0.04901        30       640    0.8232    0.7932    0.8417    0.4832   0.04925   0.02849         0
    54/299     3.82G   0.03671   0.01228         0   0.04899        26       640    0.8493    0.7793    0.8345    0.4845   0.04705   0.02863         0
    55/299     3.82G    0.0378    0.0123         0    0.0501        34       640    0.8345    0.8031    0.8454    0.4812   0.04983   0.02819         0
    56/299     3.82G   0.03621   0.01188         0   0.04809        27       640    0.8375    0.8156     0.848    0.4992   0.04793   0.02805         0
    57/299     3.82G   0.03525   0.01198         0   0.04723        24       640    0.8235    0.8212    0.8674    0.4993   0.04884   0.02778         0
    58/299     3.82G   0.03767   0.01222         0   0.04989        32       640    0.8417    0.8167    0.8493    0.4961   0.05436   0.02646         0
    59/299     3.82G    0.0343   0.01186         0   0.04616        39       640    0.8041    0.8139    0.8456    0.4959   0.05557   0.02647         0
    60/299     3.82G   0.03521   0.01196         0   0.04718        27       640    0.8196    0.8142    0.8525    0.4844   0.05595   0.02555         0
    61/299     3.82G   0.03529   0.01202         0   0.04732        45       640    0.8603    0.8017    0.8608    0.5125   0.05171   0.02674         0
    62/299     3.82G   0.03588   0.01201         0   0.04789        54       640    0.8228     0.824    0.8525     0.506   0.05051   0.02696         0
    63/299     3.82G   0.03647   0.01161         0   0.04808        32       640    0.8167    0.7975     0.844    0.4917   0.05266   0.02677         0
    64/299     3.82G   0.03674   0.01168         0   0.04842        32       640    0.8111    0.8096    0.8438    0.5049   0.05211   0.02702         0
    65/299     3.82G     0.035   0.01158         0   0.04658        35       640    0.8123    0.8296    0.8645    0.5166   0.04736    0.0274         0
    66/299     3.82G   0.03476   0.01178         0   0.04655        43       640    0.8064    0.8087    0.8356    0.4995   0.04664    0.0283         0
    67/299     3.82G    0.0357   0.01174         0   0.04744        28       640    0.8125    0.8492    0.8684    0.5086   0.05043   0.02708         0
    68/299     3.82G   0.03616   0.01188         0   0.04804        34       640    0.8273    0.8184      0.86    0.5032   0.04995   0.02701         0
    69/299     3.82G   0.03536   0.01185         0   0.04721        37       640    0.8403    0.7877    0.8564    0.5062   0.04857   0.02798         0
    70/299     3.82G   0.03501   0.01198         0   0.04699        27       640    0.8471    0.7989    0.8452    0.4866   0.05176   0.02759         0
    71/299     3.82G   0.03491   0.01206         0   0.04696        32       640    0.8425    0.8142    0.8531    0.5067   0.04833    0.0273         0
    72/299     3.82G   0.03605   0.01171         0   0.04777        22       640    0.8154    0.8394    0.8616    0.5132   0.04879   0.02734         0
    73/299     3.82G   0.03551   0.01193         0   0.04743        34       640    0.8199    0.8267    0.8584    0.5175   0.04702    0.0276         0
    74/299     3.82G   0.03542   0.01197         0   0.04739        24       640    0.8398    0.8282    0.8635    0.5106   0.04543   0.02794         0
    75/299     3.82G   0.03569    0.0119         0   0.04759        38       640    0.8302    0.8198    0.8601    0.4975   0.04615   0.02804         0
    76/299     3.82G    0.0359    0.0118         0    0.0477        33       640    0.8427    0.8378    0.8665    0.5127   0.04441   0.02803         0
    77/299     3.82G   0.03399   0.01171         0    0.0457        33       640    0.8457    0.8059    0.8605     0.501   0.04371   0.02897         0
    78/299     3.82G   0.03506   0.01182         0   0.04688        26       640     0.817    0.8295    0.8623    0.5054   0.04259   0.02902         0
    79/299     3.82G   0.03463   0.01175         0   0.04638        29       640    0.8545    0.7807    0.8587    0.5025   0.04193   0.02931         0
    80/299     3.82G   0.03365   0.01182         0   0.04547        28       640    0.8203    0.8436    0.8651    0.5175   0.04329   0.02916         0
    81/299     3.82G   0.03463   0.01172         0   0.04635        26       640    0.8277     0.825    0.8621    0.5199   0.04462   0.02853         0
    82/299     3.82G   0.03378   0.01173         0   0.04551        27       640     0.845    0.8226    0.8729    0.5348   0.04693   0.02747         0
    83/299     3.82G   0.03413   0.01177         0    0.0459        28       640    0.8354    0.8361     0.869    0.5117   0.04616   0.02862         0
    84/299     3.82G   0.03478   0.01169         0   0.04647        38       640    0.8416    0.8236    0.8768    0.5329   0.04593     0.028         0
    85/299     3.82G   0.03401   0.01163         0   0.04564        40       640    0.8603    0.8085    0.8671    0.5151   0.04787   0.02688         0
    86/299     3.82G   0.03425   0.01154         0   0.04579        29       640    0.8626    0.8254    0.8765    0.5283   0.04605   0.02832         0
    87/299     3.82G   0.03338   0.01145         0   0.04483        30       640    0.8653    0.7989    0.8714    0.5322   0.04805   0.02716         0
    88/299     3.82G   0.03307   0.01141         0   0.04447        31       640    0.8627    0.7897    0.8669     0.528   0.04617   0.02786         0
    89/299     3.82G   0.03353   0.01135         0   0.04488        28       640    0.8761      0.79    0.8674    0.5251   0.04405   0.02822         0
    90/299     3.82G   0.03304   0.01143         0   0.04447        42       640    0.8378    0.8226    0.8639    0.5303   0.04426     0.028         0
    91/299     3.82G   0.03327   0.01143         0    0.0447        32       640    0.8592    0.8179    0.8699    0.5268   0.04458   0.02827         0
    92/299     3.82G   0.03296   0.01141         0   0.04437        41       640    0.8297     0.824    0.8614    0.5115   0.04499   0.02923         0
    93/299     3.82G   0.03337   0.01142         0   0.04479        28       640    0.8737    0.7765    0.8673    0.5246   0.04512    0.0277         0
    94/299     3.82G   0.03309   0.01138         0   0.04446        32       640    0.8529    0.8422    0.8732    0.5303    0.0443   0.02817         0
    95/299     3.82G   0.03405   0.01139         0   0.04544        31       640    0.8012     0.861    0.8697    0.5244    0.0439   0.02784         0
    96/299     3.82G    0.0332   0.01126         0   0.04447        18       640    0.8205    0.8366    0.8665    0.5168    0.0443    0.0281         0
    97/299     3.82G   0.03455   0.01164         0   0.04619        27       640    0.8437    0.8141    0.8638    0.5137   0.04373   0.02849         0
    98/299     3.82G   0.03308   0.01176         0   0.04484        18       640    0.8333    0.8169    0.8608    0.5156   0.04312   0.02811         0
    99/299     3.82G   0.03382   0.01166         0   0.04549        29       640    0.8648    0.7862    0.8612    0.5097   0.04505   0.02727         0
   100/299     3.82G   0.03367   0.01136         0   0.04503        37       640    0.8234    0.8529     0.869    0.5129   0.04386   0.02814         0
   101/299     3.82G   0.03404   0.01161         0   0.04564        33       640    0.8374    0.8197    0.8561    0.5037   0.04541   0.02851         0
   102/299     3.82G   0.03283   0.01126         0   0.04409        31       640    0.8619    0.8073     0.865    0.5094   0.04581   0.02869         0
   103/299     3.82G   0.03184   0.01147         0   0.04331        29       640    0.8349    0.8226    0.8609    0.5149   0.04619   0.02741         0
   104/299     3.82G   0.03378   0.01163         0   0.04541        32       640     0.837    0.8392    0.8627    0.5185   0.04602   0.02804         0
   105/299     3.82G   0.03247   0.01134         0    0.0438        25       640     0.857    0.8045    0.8643    0.5212   0.04485   0.02857         0
   106/299     3.82G   0.03096   0.01112         0   0.04208        26       640     0.846    0.8365    0.8801    0.5308   0.04352   0.02898         0
   107/299     3.82G   0.03353   0.01133         0   0.04486        24       640    0.8329    0.8491    0.8699    0.5292   0.04414   0.02846         0
   108/299     3.82G   0.03179   0.01116         0   0.04295        23       640    0.8363    0.8351    0.8646    0.5213   0.04498   0.02882         0
   109/299     3.82G   0.03268   0.01124         0   0.04392        33       640    0.8416    0.8268    0.8643    0.5257   0.04418   0.02912         0
   110/299     3.82G    0.0333   0.01133         0   0.04464        30       640    0.8711    0.7835    0.8615    0.5166   0.04705   0.02772         0
   111/299     3.82G   0.03206   0.01143         0   0.04349        34       640    0.8491    0.8254    0.8709    0.5162   0.04903   0.02676         0
   112/299     3.82G    0.0315   0.01122         0   0.04273        30       640    0.8499     0.817    0.8723    0.5187   0.04617   0.02781         0
   113/299     3.82G   0.03299   0.01137         0   0.04436        23       640    0.8383    0.8366    0.8765    0.5317   0.04501   0.02854         0
   114/299     3.82G   0.03275   0.01135         0    0.0441        38       640     0.844     0.824    0.8594    0.5217   0.04447   0.02877         0
   115/299     3.82G   0.03158   0.01127         0   0.04285        29       640     0.826    0.8352    0.8648    0.5277   0.04483   0.02878         0
   116/299     3.82G   0.03244   0.01143         0   0.04387        30       640    0.8349    0.8405    0.8744    0.5317    0.0458   0.02826         0
   117/299     3.82G   0.03277   0.01131         0   0.04408        26       640    0.8137    0.8366    0.8646    0.5279   0.04566   0.02838         0
   118/299     3.82G   0.03126   0.01106         0   0.04232        28       640    0.8301    0.8268    0.8665     0.528   0.04644   0.02829         0
   119/299     3.82G   0.03167   0.01116         0   0.04282        39       640    0.8643    0.8198    0.8724    0.5278   0.04456   0.02877         0
   120/299     3.82G   0.03244   0.01106         0    0.0435        25       640    0.8549    0.8309    0.8726    0.5239   0.04551   0.02884         0
   121/299     3.82G   0.03155   0.01108         0   0.04264        17       640    0.8474    0.8478    0.8703    0.5249   0.04408   0.02915         0
   122/299     3.82G   0.03262   0.01128         0    0.0439        23       640     0.833     0.831    0.8661    0.5286    0.0444   0.02946         0
   123/299     3.82G   0.03196     0.011         0   0.04296        23       640    0.8449     0.814    0.8627    0.5189   0.04336   0.02976         0
   124/299     3.82G    0.0324   0.01102         0   0.04342        28       640    0.8505    0.7975     0.863    0.5273   0.04503   0.02945         0
   125/299     3.82G   0.03153   0.01107         0    0.0426        27       640    0.8358    0.8184    0.8596     0.525   0.04612    0.0293         0
   126/299     3.82G   0.03156   0.01088         0   0.04245        45       640     0.827    0.8281    0.8664     0.529   0.04477   0.02965         0
   127/299     3.82G   0.03119   0.01103         0   0.04222        29       640    0.8449    0.8156    0.8636    0.5305    0.0448     0.029         0
   128/299     3.82G   0.03137   0.01086         0   0.04224        33       640    0.8333    0.8028    0.8614    0.5226   0.04639   0.02873         0
   129/299     3.82G   0.03132   0.01085         0   0.04217        18       640    0.8582    0.7859    0.8647    0.5208   0.04573   0.02919         0
   130/299     3.82G   0.03132    0.0111         0   0.04242        28       640    0.8267    0.8212    0.8698    0.5259   0.04294   0.03021         0
   131/299     3.82G   0.02939   0.01055         0   0.03994        35       640    0.8584    0.7956    0.8676    0.5271     0.043   0.02972         0
   132/299     3.82G   0.03184   0.01079         0   0.04263        28       640    0.8407    0.8352      0.87    0.5304   0.04234   0.02979         0
   133/299     3.82G   0.03138   0.01097         0   0.04235        22       640    0.8547    0.8142    0.8734    0.5375   0.04225   0.02997         0
   134/299     3.82G   0.03232    0.0109         0   0.04323        30       640    0.8758    0.7877    0.8672    0.5351   0.04225   0.02972         0
   135/299     3.82G   0.03077    0.0108         0   0.04157        27       640    0.8164    0.8352    0.8642    0.5351   0.04307   0.02941         0
   136/299     3.82G   0.03052   0.01076         0   0.04128        28       640    0.8285    0.8364    0.8624     0.535   0.04244   0.02964         0
   137/299     3.82G   0.03019    0.0107         0   0.04089        30       640    0.8555    0.8184    0.8661    0.5379   0.04202   0.02984         0
   138/299     3.82G   0.03189   0.01086         0   0.04276        32       640    0.8374    0.8198    0.8658    0.5373   0.04186   0.03012         0
   139/299     3.82G   0.03041   0.01079         0   0.04119        39       640    0.8466    0.8323    0.8728    0.5378   0.04447   0.02934         0
   140/299     3.82G    0.0316   0.01093         0   0.04253        36       640    0.8688    0.8073     0.872    0.5383   0.04468   0.02919         0
   141/299     3.82G   0.03131   0.01084         0   0.04214        25       640    0.8697    0.8115    0.8765    0.5371   0.04342   0.02944         0
   142/299     3.82G   0.03059   0.01065         0   0.04124        18       640    0.8544    0.8115    0.8798    0.5398   0.04266   0.02995         0
   143/299     3.82G   0.02956   0.01068         0   0.04025        27       640    0.8806    0.7931    0.8759    0.5415   0.04322   0.02976         0
   144/299     3.82G   0.02965   0.01083         0   0.04049        44       640    0.8681    0.8101    0.8696    0.5316    0.0443   0.02961         0
   145/299     3.82G   0.03145   0.01081         0   0.04226        29       640    0.8362    0.8492    0.8708    0.5284   0.04469   0.02963         0
   146/299     3.82G   0.03003   0.01058         0   0.04061        24       640    0.8386    0.8352    0.8694    0.5338   0.04368   0.03031         0
   147/299     3.82G   0.02964   0.01059         0   0.04023        31       640    0.8431    0.8268    0.8679    0.5371   0.04219   0.03042         0
   148/299     3.82G   0.03151   0.01062         0   0.04213        28       640    0.8745    0.8031    0.8715    0.5426   0.04174    0.0305         0
   149/299     3.82G   0.03044    0.0107         0   0.04114        30       640    0.8707    0.8003    0.8676    0.5349   0.04235   0.03013         0
   150/299     3.82G   0.02849   0.01056         0   0.03905        24       640    0.8683    0.8128    0.8639    0.5363     0.043   0.02989         0
   151/299     3.82G   0.03012   0.01043         0   0.04054        28       640    0.8627     0.817    0.8631     0.539   0.04226   0.02993         0
   152/299     3.82G   0.02991   0.01045         0   0.04036        25       640    0.8341    0.8436    0.8645    0.5405   0.04168   0.03036         0
   153/299     3.82G   0.03019   0.01051         0   0.04069        25       640    0.8347    0.8394    0.8677    0.5395   0.04238   0.03027         0
   154/299     3.82G   0.03011   0.01066         0   0.04076        38       640    0.8676     0.824    0.8733    0.5426   0.04297   0.02988         0
   155/299     3.82G    0.0281   0.01037         0   0.03848        46       640    0.8633    0.8378    0.8752    0.5411   0.04271   0.02983         0
   156/299     3.82G   0.02986   0.01041         0   0.04027        19       640    0.8714    0.8141    0.8686    0.5408   0.04242   0.03012         0
   157/299     3.82G   0.02957   0.01035         0   0.03992        24       640    0.8493    0.8184     0.866     0.538   0.04241   0.03034         0
   158/299     3.82G   0.02989   0.01051         0    0.0404        39       640    0.8722    0.8099    0.8665    0.5327   0.04269   0.03055         0
   159/299     3.82G   0.02889   0.01064         0   0.03953        24       640    0.8752     0.803    0.8636    0.5305   0.04208   0.03053         0
   160/299     3.82G   0.02901   0.01044         0   0.03945        32       640    0.8407    0.8184    0.8537    0.5288   0.04138   0.03071         0
   161/299     3.82G   0.02881   0.01047         0   0.03928        27       640    0.8352    0.8281    0.8603    0.5306   0.04122   0.03083         0
   162/299     3.82G   0.02937   0.01028         0   0.03965        34       640    0.8312    0.8254    0.8564    0.5345   0.04111   0.03081         0
   163/299     3.82G   0.02909   0.01021         0    0.0393        25       640     0.842    0.8184    0.8549    0.5338   0.04115   0.03078         0
   164/299     3.82G    0.0291   0.01038         0   0.03949        33       640    0.8509    0.8059    0.8557    0.5365   0.04103   0.03072         0
   165/299     3.82G   0.03036   0.01037         0   0.04073        40       640    0.8433    0.8128    0.8565    0.5327   0.04178   0.03044         0
   166/299     3.82G   0.02962   0.01041         0   0.04003        34       640    0.8424    0.8296    0.8673    0.5381   0.04209   0.03036         0
   167/299     3.82G   0.02932   0.01036         0   0.03968        26       640    0.8213    0.8422    0.8659    0.5411   0.04205   0.03048         0
   168/299     3.82G   0.02925   0.01047         0   0.03973        25       640    0.8525    0.8235    0.8641    0.5396   0.04184    0.0304         0
   169/299     3.82G   0.02893    0.0103         0   0.03924        22       640    0.8598    0.8226     0.865    0.5366   0.04183   0.03059         0
   170/299     3.82G   0.02827   0.01028         0   0.03855        29       640    0.8542    0.8198    0.8615    0.5359   0.04163    0.0306         0
   171/299     3.82G   0.02854   0.01018         0   0.03873        33       640    0.8467    0.8254    0.8646    0.5385    0.0414   0.03053         0
   172/299     3.82G   0.02959   0.01005         0   0.03964        37       640      0.86    0.8237    0.8699    0.5384   0.04137   0.03053         0
   173/299     3.82G   0.02932   0.01039         0   0.03971        29       640    0.8741    0.8059    0.8667    0.5417   0.04112   0.03049         0
   174/299     3.82G   0.02774  0.009959         0    0.0377        27       640    0.8666    0.8087    0.8686    0.5449    0.0409   0.03068         0
   175/299     3.82G   0.02903   0.01001         0   0.03904        27       640    0.8578    0.8087    0.8676    0.5446   0.04083   0.03077         0
   176/299     3.82G   0.02795  0.009995         0   0.03794        27       640    0.8154    0.8338    0.8686    0.5418   0.04093    0.0308         0
   177/299     3.82G   0.02861   0.01022         0   0.03883        20       640    0.8563    0.8003    0.8674    0.5383   0.04122   0.03076         0
   178/299     3.82G   0.02859   0.01015         0   0.03874        29       640     0.855    0.7989    0.8664    0.5337   0.04147   0.03086         0
   179/299     3.82G   0.02809   0.01022         0   0.03831        26       640    0.8751    0.7961    0.8692    0.5365   0.04123   0.03086         0
   180/299     3.82G   0.02725   0.01017         0   0.03742        31       640    0.8647    0.8045    0.8706    0.5369   0.04132   0.03081         0
   181/299     3.82G   0.02796   0.01018         0   0.03814        40       640    0.8601     0.817     0.873    0.5387    0.0417   0.03087         0
   182/299     3.82G   0.02785   0.01017         0   0.03802        22       640    0.8798    0.7973    0.8711    0.5433   0.04186   0.03104         0
   183/299     3.82G   0.02708   0.01007         0   0.03715        22       640    0.8682    0.8002    0.8684    0.5425   0.04173   0.03112         0
   184/299     3.82G   0.02877   0.01011         0   0.03888        33       640    0.8597    0.8044    0.8674    0.5411   0.04169   0.03117         0
   185/299     3.82G    0.0284   0.01008         0   0.03848        42       640    0.8282     0.835    0.8682    0.5401   0.04158   0.03128         0
   186/299     3.82G   0.02722  0.009854         0   0.03708        27       640    0.8399    0.8282    0.8678    0.5391    0.0416    0.0311         0
   187/299     3.82G   0.02713  0.009967         0    0.0371        43       640    0.8507    0.8195    0.8618    0.5349   0.04179   0.03102         0
   188/299     3.82G   0.02844  0.009835         0   0.03827        46       640    0.8682    0.8001    0.8572    0.5297   0.04197   0.03109         0
   189/299     3.82G   0.02746      0.01         0   0.03747        35       640    0.8486    0.8142    0.8567    0.5322   0.04173   0.03119         0
   190/299     3.82G   0.02742  0.009919         0   0.03734        27       640    0.8614    0.8073    0.8635    0.5375   0.04149    0.0312         0
   191/299     3.82G   0.02748  0.009916         0    0.0374        26       640     0.853    0.8184    0.8649    0.5358   0.04137   0.03117         0
   192/299     3.82G   0.02826  0.009959         0   0.03822        30       640    0.8538     0.817    0.8661    0.5373   0.04116   0.03127         0
   193/299     3.82G   0.02823   0.01009         0   0.03831        30       640    0.8467    0.8156    0.8678    0.5359   0.04111   0.03139         0
   194/299     3.82G   0.02769   0.01007         0   0.03775        27       640    0.8458    0.8128    0.8622    0.5363    0.0411   0.03145         0
   195/299     3.82G   0.02806  0.009759         0   0.03782        32       640    0.8329    0.8156    0.8593    0.5335   0.04098    0.0316         0
   196/299     3.82G   0.02756  0.009947         0    0.0375        23       640    0.8205    0.8361    0.8614    0.5332   0.04081   0.03166         0
   197/299     3.82G   0.02733  0.009748         0   0.03707        27       640    0.8372    0.8114    0.8554    0.5297   0.04073   0.03171         0
   198/299     3.82G   0.02695   0.00988         0   0.03683        33       640    0.8575    0.7947    0.8568    0.5301    0.0408   0.03166         0
   199/299     3.82G   0.02696  0.009663         0   0.03663        43       640    0.8539       0.8    0.8588    0.5319   0.04102   0.03141         0
   200/299     3.82G   0.02736  0.009718         0   0.03708        32       640    0.8515    0.8017    0.8592    0.5354   0.04131   0.03135         0
   201/299     3.82G   0.02719  0.009874         0   0.03707        31       640    0.8451    0.8156    0.8662    0.5404   0.04132   0.03131         0
   202/299     3.82G   0.02592  0.009558         0   0.03548        43       640    0.8522    0.8055    0.8615    0.5392   0.04119   0.03145         0
   203/299     3.82G   0.02668  0.009682         0   0.03636        37       640    0.8657    0.7947    0.8629    0.5372   0.04106   0.03151         0
   204/299     3.82G   0.02709  0.009749         0   0.03684        31       640    0.8578    0.8087    0.8634    0.5369   0.04083   0.03152         0
   205/299     3.82G   0.02691  0.009607         0   0.03652        27       640    0.8525    0.8101    0.8653     0.538   0.04064   0.03159         0
   206/299     3.82G   0.02686  0.009505         0   0.03637        23       640    0.8151    0.8434    0.8622    0.5397   0.04043   0.03171         0
   207/299     3.82G   0.02723  0.009624         0   0.03686        32       640     0.811     0.845    0.8599    0.5389   0.04013   0.03181         0
   208/299     3.82G   0.02598  0.009526         0    0.0355        23       640    0.8289    0.8324    0.8605    0.5405   0.03987   0.03195         0
   209/299     3.82G   0.02721  0.009624         0   0.03683        29       640    0.8296    0.8364     0.865    0.5439   0.03973   0.03203         0
   210/299     3.82G   0.02693  0.009834         0   0.03676        46       640    0.8222    0.8464     0.864    0.5427   0.03989   0.03202         0
   211/299     3.82G   0.02677  0.009519         0   0.03629        22       640    0.8127    0.8547    0.8625    0.5418   0.04026   0.03195         0
   212/299     3.82G   0.02673  0.009518         0   0.03625        19       640     0.822    0.8534    0.8635    0.5402   0.04084   0.03185         0
   213/299     3.82G    0.0265  0.009486         0   0.03598        35       640    0.8306    0.8436    0.8611    0.5392   0.04129   0.03175         0
   214/299     3.82G   0.02648  0.009504         0   0.03598        36       640    0.8263     0.845    0.8604      0.54   0.04195   0.03164         0
   215/299     3.82G   0.02634  0.009364         0    0.0357        28       640    0.8285    0.8435    0.8605    0.5392   0.04278   0.03142         0
   216/299     3.82G    0.0263   0.00937         0   0.03567        40       640     0.835    0.8338    0.8606    0.5398   0.04371    0.0312         0
   217/299     3.82G   0.02616  0.009434         0    0.0356        30       640     0.828    0.8473    0.8616    0.5405   0.04438   0.03101         0
   218/299     3.82G   0.02619  0.009271         0   0.03547        25       640    0.8414    0.8394    0.8665    0.5406   0.04471   0.03096         0
   219/299     3.82G   0.02537  0.009354         0   0.03473        34       640    0.8444    0.8338    0.8639    0.5389   0.04481   0.03094         0
   220/299     3.82G   0.02621   0.00943         0   0.03564        28       640    0.8709    0.8101    0.8642    0.5392   0.04455   0.03107         0
   221/299     3.82G   0.02653  0.009292         0   0.03583        24       640    0.8252     0.852    0.8636    0.5398   0.04449   0.03116         0
   222/299     3.82G   0.02575  0.009362         0   0.03511        38       640    0.8223    0.8464    0.8623    0.5385   0.04469   0.03116         0
   223/299     3.82G   0.02505  0.009215         0   0.03427        20       640    0.8359    0.8352     0.861    0.5379   0.04504   0.03114         0
   224/299     3.82G   0.02582  0.009319         0   0.03514        32       640    0.8401    0.8296    0.8627    0.5395   0.04536    0.0311         0
   225/299     3.82G   0.02578  0.009219         0     0.035        24       640     0.813    0.8561    0.8609    0.5389    0.0455   0.03109         0
   226/299     3.82G   0.02647  0.009243         0   0.03572        24       640    0.8561    0.8141    0.8627    0.5376   0.04562    0.0311         0
   227/299     3.82G   0.02598  0.009326         0   0.03531        18       640    0.8596    0.8127    0.8636    0.5386    0.0456   0.03117         0
   228/299     3.82G   0.02516  0.008962         0   0.03412        29       640    0.8555    0.8045    0.8591    0.5381   0.04536   0.03129         0
   229/299     3.82G   0.02569  0.009247         0   0.03494        23       640    0.8487    0.8073    0.8582    0.5403     0.045   0.03145         0
   230/299     3.82G   0.02594  0.009187         0   0.03513        24       640    0.8527    0.8086    0.8598    0.5395   0.04478   0.03155         0
   231/299     3.82G   0.02539  0.009118         0   0.03451        36       640    0.8512    0.8087    0.8596    0.5387    0.0447    0.0316         0
   232/299     3.82G   0.02538  0.009213         0    0.0346        35       640    0.8558    0.8059    0.8595     0.539   0.04456   0.03164         0
   233/299     3.82G   0.02496  0.008922         0   0.03389        30       640    0.8496    0.8128    0.8579    0.5398   0.04425    0.0317         0
   234/299     3.82G   0.02501  0.008866         0   0.03388        27       640    0.8443    0.8184    0.8572    0.5392   0.04396    0.0318         0
   235/299     3.82G   0.02587  0.009061         0   0.03493        32       640    0.8429     0.817    0.8555    0.5395   0.04377   0.03187         0
   236/299     3.82G   0.02606  0.009025         0   0.03508        28       640    0.8437    0.8142    0.8549    0.5384    0.0436   0.03196         0
   237/299     3.82G   0.02522  0.009179         0    0.0344        19       640    0.8578    0.8001    0.8538    0.5401    0.0434   0.03204         0
   238/299     3.82G   0.02449   0.00899         0   0.03348        40       640    0.8541    0.8014    0.8537    0.5395   0.04325   0.03211         0
   239/299     3.82G   0.02532  0.008807         0   0.03412        27       640    0.8539    0.8003    0.8527    0.5391   0.04313   0.03215         0
   240/299     3.82G   0.02492  0.009084         0   0.03401        25       640    0.8563    0.7961    0.8526    0.5398   0.04299   0.03223         0
   241/299     3.82G   0.02464  0.008806         0   0.03345        48       640    0.8305    0.8209    0.8533    0.5389   0.04288    0.0323         0
   242/299     3.82G   0.02498  0.008989         0   0.03396        36       640     0.835    0.8212    0.8538    0.5383   0.04283   0.03236         0
   243/299     3.82G   0.02444    0.0088         0   0.03324        33       640    0.8403    0.8156    0.8551    0.5393   0.04275   0.03242         0
   244/299     3.82G    0.0251  0.008954         0   0.03406        28       640     0.836    0.8198    0.8543    0.5372   0.04267   0.03247         0
   245/299     3.82G   0.02477  0.008826         0   0.03359        27       640    0.8174    0.8379     0.854    0.5373   0.04257   0.03252         0
   246/299     3.82G   0.02561   0.00884         0   0.03445        24       640    0.8204    0.8366    0.8542    0.5351   0.04246   0.03259         0
   247/299     3.82G   0.02416  0.008815         0   0.03298        22       640    0.8247    0.8352    0.8538    0.5365   0.04235   0.03265         0
   248/299     3.82G   0.02463  0.008986         0   0.03362        42       640    0.8534    0.8127    0.8528    0.5345   0.04224   0.03272         0
   249/299     3.82G    0.0249  0.008987         0   0.03388        29       640    0.8534    0.8142    0.8533    0.5354   0.04213   0.03276         0
   250/299     3.82G   0.02416  0.008817         0   0.03298        33       640    0.8522    0.8142    0.8522    0.5346   0.04206    0.0328         0
   251/299     3.82G   0.02437  0.008954         0   0.03332        25       640    0.8505    0.8115    0.8505    0.5337   0.04201   0.03284         0
   252/299     3.82G   0.02479  0.008909         0    0.0337        29       640    0.8519    0.8114    0.8519    0.5336   0.04195   0.03287         0
   253/299     3.82G   0.02451  0.008873         0   0.03338        30       640    0.8524    0.8073     0.851    0.5335   0.04187    0.0329         0
   254/299     3.82G   0.02431   0.00887         0   0.03318        17       640    0.8447    0.8128      0.85    0.5338   0.04183   0.03293         0
   255/299     3.82G   0.02385  0.008745         0   0.03259        36       640    0.8468    0.8115    0.8508    0.5347   0.04173   0.03295         0
   256/299     3.82G   0.02477  0.008968         0   0.03374        35       640    0.8488    0.8087    0.8519     0.535    0.0416   0.03299         0
   257/299     3.82G   0.02497  0.008684         0   0.03366        26       640    0.8514    0.8087     0.851    0.5351    0.0415   0.03304         0
   258/299     3.82G   0.02476  0.008861         0   0.03362        33       640    0.8514    0.8087    0.8533    0.5338   0.04137   0.03308         0
   259/299     3.82G    0.0251  0.008755         0   0.03385        29       640    0.8543    0.8031     0.853    0.5353   0.04127   0.03311         0
   260/299     3.82G   0.02459  0.008888         0   0.03348        23       640    0.8556    0.8031    0.8543    0.5351   0.04116   0.03316         0
   261/299     3.82G   0.02384  0.008729         0   0.03257        42       640    0.8555    0.8031    0.8533    0.5346   0.04108   0.03322         0
   262/299     3.82G   0.02405  0.008696         0   0.03274        26       640    0.8542    0.8031    0.8532    0.5351   0.04101   0.03325         0
   263/299     3.82G   0.02385   0.00889         0   0.03274        29       640    0.8506     0.803    0.8524    0.5346   0.04093   0.03327         0
   264/299     3.82G   0.02367  0.008661         0   0.03233        26       640    0.8369     0.817    0.8527    0.5341   0.04085    0.0333         0
   265/299     3.82G   0.02384  0.008815         0   0.03265        30       640    0.8304    0.8209    0.8504    0.5341   0.04078   0.03332         0
   266/299     3.82G   0.02373  0.008598         0   0.03233        38       640    0.8345     0.817    0.8495    0.5343   0.04072   0.03333         0
   267/299     3.82G   0.02372  0.008726         0   0.03245        24       640    0.8338    0.8198    0.8521    0.5332   0.04069   0.03334         0
   268/299     3.82G   0.02378  0.008629         0   0.03241        39       640    0.8349    0.8195    0.8527    0.5335   0.04065   0.03336         0
   269/299     3.82G   0.02467  0.008846         0   0.03351        24       640    0.8357     0.817    0.8526    0.5335   0.04062   0.03336         0
   270/299     3.82G   0.02441  0.008713         0   0.03312        23       640    0.8376    0.8156    0.8524    0.5332   0.04059   0.03339         0
   271/299     3.82G   0.02421  0.008368         0   0.03258        40       640    0.8369     0.817    0.8514    0.5326   0.04056   0.03342         0
   272/299     3.82G   0.02353  0.008752         0   0.03229        37       640    0.8447    0.8126    0.8526    0.5326   0.04054   0.03343         0
   273/299     3.82G   0.02333  0.008574         0   0.03191        25       640      0.84    0.8142    0.8515    0.5335   0.04052   0.03344         0
   274/299     3.82G    0.0239  0.008783         0   0.03268        39       640    0.8465    0.8086     0.853    0.5338   0.04051   0.03345         0
   275/299     3.82G   0.02337  0.008938         0   0.03231        26       640    0.8457    0.8113    0.8528    0.5332    0.0405   0.03345         0
   276/299     3.82G   0.02393   0.00862         0   0.03255        35       640    0.8469    0.8114    0.8535    0.5329    0.0405   0.03345         0
   277/299     3.82G   0.02403  0.008409         0   0.03244        34       640    0.8488    0.8156    0.8538    0.5322    0.0405   0.03346         0
   278/299     3.82G   0.02349  0.008504         0     0.032        33       640    0.8488    0.8156    0.8536    0.5325   0.04051   0.03347         0
   279/299     3.82G   0.02373  0.008598         0   0.03233        16       640    0.8476    0.8156    0.8536    0.5315   0.04052   0.03348         0
   280/299     3.82G   0.02318  0.008367         0   0.03155        32       640    0.8446    0.8197    0.8535    0.5311   0.04051   0.03349         0
   281/299     3.82G    0.0226  0.008729         0   0.03133        25       640    0.8467    0.8198    0.8533    0.5324   0.04051   0.03351         0
   282/299     3.82G   0.02295  0.008461         0   0.03141        39       640    0.8467    0.8184     0.853     0.532    0.0405   0.03352         0
   283/299     3.82G   0.02347  0.008475         0   0.03194        25       640    0.8466    0.8184    0.8528    0.5313   0.04051   0.03353         0
   284/299     3.82G   0.02335  0.008503         0   0.03185        37       640    0.8385    0.8268    0.8527    0.5314   0.04051   0.03354         0
   285/299     3.82G   0.02371  0.008463         0   0.03217        22       640    0.8384    0.8268    0.8525    0.5313   0.04052   0.03355         0
   286/299     3.82G   0.02264   0.00843         0   0.03107        23       640    0.8384    0.8268    0.8523    0.5311   0.04053   0.03356         0
   287/299     3.82G   0.02285  0.008544         0    0.0314        29       640    0.8385    0.8268    0.8517     0.531   0.04054   0.03356         0
   288/299     3.82G     0.023  0.008443         0   0.03144        27       640    0.8371    0.8254    0.8513    0.5312   0.04055   0.03356         0
   289/299     3.82G   0.02351  0.008382         0   0.03189        29       640     0.835    0.8282    0.8511    0.5311   0.04055   0.03357         0
   290/299     3.82G   0.02306  0.008619         0   0.03168        27       640    0.8352     0.828    0.8509    0.5314   0.04056   0.03358         0
   291/299     3.82G   0.02331  0.008584         0   0.03189        41       640     0.835    0.8282    0.8506     0.531   0.04056   0.03358         0
   292/299     3.82G   0.02264  0.008638         0   0.03127        43       640    0.8328    0.8282    0.8504    0.5301   0.04057   0.03358         0
   293/299     3.82G   0.02345  0.008561         0   0.03201        26       640    0.8441     0.817    0.8508     0.531   0.04057   0.03359         0
   294/299     3.82G   0.02378  0.008624         0   0.03241        27       640    0.8441    0.8168    0.8515     0.531   0.04058   0.03359         0
   295/299     3.82G   0.02379  0.008618         0    0.0324        32       640    0.8364    0.8226    0.8511    0.5306   0.04059    0.0336         0
   296/299     3.82G   0.02322   0.00849         0   0.03171        27       640    0.8375    0.8226    0.8512    0.5301    0.0406    0.0336         0
   297/299     3.82G   0.02374  0.008661         0    0.0324        27       640    0.8378    0.8226    0.8511    0.5301    0.0406   0.03361         0
   298/299     3.82G   0.02319  0.008431         0   0.03162        26       640    0.8425     0.817    0.8513    0.5302    0.0406   0.03362         0
   299/299     3.82G   0.02346  0.008499         0   0.03196        36       640    0.8439    0.8155    0.8511    0.5298   0.04061   0.03363         0
